#    Step     Error           calc1.dat           calc2.dat           calc3.dat
        0  26.28780                0.00                0.15                0.85
        1  26.03331                0.01                0.14                0.85
        2  25.76877                0.01                0.13                0.85
        3  25.49330                0.02                0.13                0.85
        4  25.20602                0.03                0.12                0.85
        5  24.91711                0.03                0.11                0.85
        6  24.62036                0.04                0.11                0.85
        7  24.30986                0.05                0.10                0.85
        8  24.00806                0.06                0.09                0.85
        9  23.73703                0.06                0.08                0.85
       10  23.49003                0.07                0.08                0.85
       11  23.23584                0.08                0.08                0.84
       12  22.97700                0.09                0.07                0.84
       13  22.71366                0.10                0.07                0.83
       14  22.44953                0.11                0.07                0.82
       15  22.18158                0.12                0.07                0.81
       16  21.90927                0.13                0.07                0.81
       17  21.63311                0.14                0.06                0.80
       18  21.35257                0.14                0.06                0.79
       19  21.06720                0.15                0.06                0.79
       20  20.77960                0.16                0.06                0.78
       21  20.49170                0.17                0.05                0.77
       22  20.19860                0.18                0.05                0.77
       23  19.90405                0.19                0.05                0.76
       24  19.60478                0.20                0.05                0.76
       25  19.29965                0.20                0.05                0.75
       26  18.98831                0.21                0.04                0.74
       27  18.67492                0.22                0.04                0.74
       28  18.35608                0.23                0.04                0.73
       29  18.03016                0.24                0.04                0.72
       30  17.69658                0.25                0.03                0.72
       31  17.35474                0.25                0.03                0.71
       32  17.00380                0.26                0.03                0.71
       33  16.64454                0.27                0.03                0.70
       34  16.27494                0.28                0.02                0.70
       35  15.89282                0.29                0.02                0.69
       36  15.49607                0.30                0.02                0.69
       37  15.08219                0.30                0.01                0.68
       38  14.66275                0.31                0.01                0.68
       39  14.37102                0.32                0.01                0.67
       40  14.08526                0.32                0.01                0.66
       41  13.82265                0.33                0.02                0.65
       42  13.57263                0.34                0.02                0.64
       43  13.33231                0.34                0.02                0.63
       44  13.10883                0.35                0.02                0.63
       45  12.88674                0.36                0.02                0.62
       46  12.68501                0.37                0.02                0.61
       47  12.45913                0.37                0.03                0.60
       48  12.33884                0.38                0.02                0.60
       49  12.08725                0.38                0.03                0.59
       50  12.12341                0.39                0.02                0.59
       51  11.85056                0.39                0.03                0.58
       52  11.87419                0.40                0.02                0.58
       53  11.60392                0.40                0.03                0.57
       54  11.63586                0.41                0.02                0.57
       55  11.36810                0.41                0.03                0.56
       56  11.40806                0.42                0.03                0.56
       57  11.14262                0.42                0.03                0.55
       58  11.18976                0.42                0.03                0.55
       59  10.92650                0.42                0.03                0.54
       60  10.97980                0.43                0.03                0.54
       61  10.71887                0.43                0.04                0.53
       62  10.77852                0.44                0.03                0.53
       63  10.52037                0.44                0.04                0.52
       64  10.58505                0.45                0.03                0.52
       65  10.33116                0.45                0.04                0.51
       66  10.39967                0.46                0.03                0.51
       67  10.14991                0.46                0.04                0.51
       68  10.22226                0.46                0.03                0.50
       69   9.97636                0.46                0.04                0.50
       70  10.05206                0.47                0.03                0.50
       71   9.80997                0.47                0.04                0.49
       72   9.88993                0.48                0.03                0.49
       73   9.65026                0.48                0.04                0.48
       74   9.73518                0.48                0.03                0.48
       75   9.49666                0.48                0.04                0.47
       76   9.58625                0.49                0.04                0.47
       77   9.34863                0.49                0.04                0.47
       78   9.44214                0.50                0.04                0.47
       79   9.20533                0.50                0.05                0.46
       80   9.30257                0.50                0.04                0.46
       81   9.06645                0.50                0.05                0.45
       82   9.16704                0.51                0.04                0.45
       83   8.93133                0.51                0.05                0.44
       84   9.03496                0.52                0.04                0.44
       85   8.79955                0.52                0.05                0.44
       86   8.90602                0.52                0.04                0.44
       87   8.67084                0.52                0.05                0.43
       88   8.78001                0.53                0.04                0.43
       89   8.54503                0.53                0.05                0.42
       90   8.65663                0.54                0.04                0.42
       91   8.42214                0.53                0.05                0.42
       92   8.53574                0.54                0.04                0.41
       93   8.30269                0.54                0.05                0.41
       94   8.41708                0.55                0.04                0.41
       95   8.18625                0.55                0.05                0.40
       96   8.30090                0.55                0.04                0.40
       97   8.07370                0.55                0.05                0.39
       98   8.18716                0.56                0.05                0.39
       99   7.96357                0.56                0.05                0.39
      100   8.07586                0.57                0.05                0.39
      101   7.85570                0.56                0.06                0.38
      102   7.96688                0.57                0.05                0.38
      103   7.75000                0.57                0.06                0.37
      104   7.85988                0.58                0.05                0.37
      105   7.64627                0.58                0.06                0.37
      106   7.75480                0.58                0.05                0.37
      107   7.54461                0.58                0.06                0.36
      108   7.65144                0.59                0.05                0.36
      109   7.44557                0.59                0.06                0.35
      110   7.54997                0.60                0.05                0.35
      111   7.34937                0.59                0.06                0.35
      112   7.45032                0.60                0.05                0.35
      113   7.25528                0.60                0.06                0.34
      114   7.35292                0.61                0.05                0.34
      115   7.16354                0.60                0.06                0.34
      116   7.25789                0.61                0.05                0.33
      117   7.07405                0.61                0.06                0.33
      118   7.16662                0.62                0.05                0.33
      119   6.98672                0.61                0.06                0.32
      120   7.07763                0.62                0.05                0.32
      121   6.90141                0.62                0.06                0.32
      122   6.99062                0.63                0.06                0.32
      123   6.81791                0.62                0.06                0.31
      124   6.90545                0.63                0.06                0.31
      125   6.73610                0.63                0.07                0.30
      126   6.82205                0.64                0.06                0.30
      127   6.65597                0.64                0.07                0.30
      128   6.74028                0.64                0.06                0.30
      129   6.57726                0.64                0.07                0.29
      130   6.66002                0.65                0.06                0.29
      131   6.49988                0.65                0.07                0.29
      132   6.58114                0.65                0.06                0.29
      133   6.42377                0.65                0.07                0.28
      134   6.50357                0.66                0.06                0.28
      135   6.34896                0.66                0.07                0.28
      136   6.42726                0.66                0.06                0.27
      137   6.27605                0.66                0.07                0.27
      138   6.35245                0.67                0.06                0.27
      139   6.20565                0.67                0.07                0.26
      140   6.27946                0.67                0.06                0.26
      141   6.13858                0.67                0.07                0.26
      142   6.20833                0.68                0.06                0.26
      143   6.07627                0.67                0.07                0.25
      144   6.13994                0.68                0.06                0.25
      145   6.01842                0.68                0.07                0.25
      146   6.07832                0.69                0.06                0.25
      147   5.96478                0.68                0.07                0.24
      148   6.02121                0.69                0.07                0.24
      149   5.91554                0.69                0.07                0.24
      150   5.96975                0.70                0.07                0.24
      151   5.87158                0.69                0.08                0.23
      152   5.92097                0.70                0.07                0.23
      153   5.83112                0.69                0.08                0.23
      154   5.87720                0.70                0.07                0.23
      155   5.79390                0.70                0.08                0.23
      156   5.83558                0.71                0.07                0.23
      157   5.75962                0.70                0.08                0.22
      158   5.79911                0.71                0.07                0.22
      159   5.72876                0.70                0.08                0.22
      160   5.76843                0.71                0.07                0.22
      161   5.70087                0.70                0.08                0.22
      162   5.74175                0.71                0.07                0.22
      163   5.67738                0.71                0.08                0.21
      164   5.72113                0.72                0.07                0.21
      165   5.65769                0.71                0.08                0.21
      166   5.70338                0.72                0.07                0.21
      167   5.64082                0.71                0.08                0.21
      168   5.68611                0.72                0.07                0.21
      169   5.62549                0.71                0.08                0.21
      170   5.67090                0.72                0.07                0.21
      171   5.61150                0.71                0.08                0.20
      172   5.65654                0.72                0.07                0.20
      173   5.59846                0.72                0.08                0.20
      174   5.64361                0.72                0.07                0.20
      175   5.58573                0.72                0.08                0.20
      176   5.63200                0.73                0.07                0.20
      177   5.57310                0.72                0.08                0.20
      178   5.62138                0.73                0.07                0.20
      179   5.56212                0.72                0.08                0.20
      180   5.61198                0.73                0.07                0.20
      181   5.55194                0.72                0.08                0.20
      182   5.60366                0.73                0.07                0.19
      183   5.54497                0.72                0.08                0.19
      184   5.59655                0.73                0.07                0.19
      185   5.53885                0.72                0.08                0.19
      186   5.59046                0.73                0.07                0.19
      187   5.53249                0.73                0.08                0.19
      188   5.58526                0.73                0.07                0.19
      189   5.52597                0.73                0.08                0.19
      190   5.58059                0.74                0.08                0.19
      191   5.51972                0.73                0.08                0.19
      192   5.57629                0.74                0.08                0.19
      193   5.51428                0.73                0.08                0.19
      194   5.57228                0.74                0.08                0.19
      195   5.50886                0.73                0.08                0.18
      196   5.56819                0.74                0.08                0.18
      197   5.50362                0.73                0.08                0.18
      198   5.56406                0.74                0.08                0.18
      199   5.49853                0.73                0.09                0.18
      200   5.55991                0.74                0.08                0.18
      201   5.49358                0.73                0.09                0.18
      202   5.55572                0.74                0.08                0.18
      203   5.48878                0.74                0.09                0.18
      204   5.55146                0.74                0.08                0.18
      205   5.48414                0.74                0.09                0.18
      206   5.54713                0.75                0.08                0.18
      207   5.47965                0.74                0.09                0.18
      208   5.54363                0.75                0.08                0.18
      209   5.47530                0.74                0.09                0.18
      210   5.54088                0.75                0.08                0.18
      211   5.47104                0.74                0.09                0.17
      212   5.53814                0.75                0.08                0.17
      213   5.46689                0.74                0.09                0.17
      214   5.53548                0.75                0.08                0.17
      215   5.46281                0.74                0.09                0.17
      216   5.53288                0.75                0.08                0.17
      217   5.45881                0.74                0.09                0.17
      218   5.53030                0.75                0.08                0.17
      219   5.45490                0.74                0.09                0.17
      220   5.52774                0.75                0.08                0.17
      221   5.45107                0.74                0.09                0.17
      222   5.52521                0.75                0.08                0.17
      223   5.44732                0.75                0.09                0.17
      224   5.52274                0.75                0.08                0.17
      225   5.44359                0.75                0.09                0.17
      226   5.52045                0.76                0.08                0.17
      227   5.44049                0.75                0.09                0.17
      228   5.51835                0.76                0.08                0.17
      229   5.43752                0.75                0.09                0.16
      230   5.51644                0.76                0.08                0.16
      231   5.43456                0.75                0.09                0.16
      232   5.51470                0.76                0.08                0.16
      233   5.43163                0.75                0.09                0.16
      234   5.51313                0.76                0.08                0.16
      235   5.42872                0.75                0.09                0.16
      236   5.51181                0.76                0.08                0.16
      237   5.42577                0.75                0.09                0.16
      238   5.51075                0.76                0.08                0.16
      239   5.42275                0.75                0.09                0.16
      240   5.50998                0.76                0.08                0.16
      241   5.41967                0.75                0.09                0.16
      242   5.50948                0.76                0.08                0.16
      243   5.41733                0.75                0.09                0.16
      244   5.50921                0.76                0.08                0.16
      245   5.41517                0.75                0.09                0.16
      246   5.50987                0.76                0.08                0.16
      247   5.41295                0.75                0.09                0.16
      248   5.51101                0.76                0.08                0.16
      249   5.41069                0.76                0.09                0.16
      250   5.51223                0.76                0.08                0.16
      251   5.40840                0.76                0.09                0.15
      252   5.51352                0.77                0.08                0.15
      253   5.40609                0.76                0.09                0.15
      254   5.51479                0.77                0.08                0.15
      255   5.40381                0.76                0.09                0.15
      256   5.51604                0.77                0.08                0.15
      257   5.40158                0.76                0.09                0.15
      258   5.51725                0.77                0.08                0.15
      259   5.39939                0.76                0.09                0.15
      260   5.51842                0.77                0.08                0.15
      261   5.39725                0.76                0.09                0.15
      262   5.51956                0.77                0.08                0.15
      263   5.39517                0.76                0.09                0.15
      264   5.52069                0.77                0.08                0.15
      265   5.39313                0.76                0.09                0.15
      266   5.52182                0.77                0.08                0.15
      267   5.39113                0.76                0.09                0.15
      268   5.52291                0.77                0.08                0.15
      269   5.38920                0.76                0.09                0.15
      270   5.52394                0.77                0.08                0.15
      271   5.38732                0.76                0.09                0.15
      272   5.52490                0.77                0.08                0.15
      273   5.38549                0.76                0.09                0.15
      274   5.52584                0.77                0.08                0.15
      275   5.38371                0.76                0.09                0.15
      276   5.52678                0.77                0.08                0.15
      277   5.38196                0.76                0.09                0.15
      278   5.52774                0.77                0.08                0.15
      279   5.38023                0.76                0.09                0.15
      280   5.52872                0.77                0.08                0.15
      281   5.37852                0.76                0.09                0.15
      282   5.52972                0.77                0.08                0.15
      283   5.37683                0.76                0.09                0.14
      284   5.53076                0.77                0.08                0.15
      285   5.37516                0.77                0.09                0.14
      286   5.53187                0.77                0.08                0.14
      287   5.37354                0.77                0.09                0.14
      288   5.53308                0.77                0.08                0.14
      289   5.37203                0.77                0.09                0.14
      290   5.53440                0.78                0.08                0.14
      291   5.37049                0.77                0.09                0.14
      292   5.53641                0.78                0.08                0.14
      293   5.36893                0.77                0.09                0.14
      294   5.53857                0.78                0.08                0.14
      295   5.36734                0.77                0.09                0.14
      296   5.54091                0.78                0.08                0.14
      297   5.36569                0.77                0.09                0.14
      298   5.54344                0.78                0.08                0.14
      299   5.36397                0.77                0.09                0.14
      300   5.54647                0.78                0.08                0.14
      301   5.36219                0.77                0.09                0.14
      302   5.54982                0.78                0.08                0.14
      303   5.36036                0.77                0.09                0.14
      304   5.55329                0.78                0.08                0.14
      305   5.35847                0.77                0.09                0.14
      306   5.55690                0.78                0.08                0.14
      307   5.35654                0.77                0.09                0.14
      308   5.56062                0.78                0.08                0.14
      309   5.35456                0.77                0.09                0.14
      310   5.56445                0.78                0.08                0.14
      311   5.35254                0.77                0.09                0.14
      312   5.56838                0.78                0.08                0.14
      313   5.35053                0.77                0.09                0.14
      314   5.57243                0.78                0.08                0.14
      315   5.34883                0.77                0.09                0.14
      316   5.57660                0.78                0.08                0.14
      317   5.34707                0.77                0.09                0.14
      318   5.58090                0.78                0.08                0.14
      319   5.34525                0.77                0.09                0.14
      320   5.58533                0.78                0.08                0.14
      321   5.34357                0.77                0.09                0.14
      322   5.58989                0.78                0.08                0.14
      323   5.34211                0.77                0.09                0.14
      324   5.59459                0.78                0.08                0.14
      325   5.34090                0.77                0.09                0.14
      326   5.59939                0.78                0.08                0.14
      327   5.33972                0.77                0.09                0.14
      328   5.60427                0.78                0.08                0.14
      329   5.33898                0.77                0.09                0.14
      330   5.60925                0.78                0.08                0.14
      331   5.33821                0.77                0.09                0.14
      332   5.61431                0.78                0.08                0.14
      333   5.33743                0.77                0.09                0.14
      334   5.61943                0.78                0.08                0.14
      335   5.33664                0.77                0.09                0.14
      336   5.62461                0.78                0.08                0.14
      337   5.33584                0.77                0.09                0.14
      338   5.62986                0.78                0.08                0.14
      339   5.33503                0.77                0.09                0.14
      340   5.63523                0.78                0.08                0.14
      341   5.33421                0.77                0.09                0.14
      342   5.64075                0.78                0.08                0.14
      343   5.33336                0.77                0.09                0.14
      344   5.64641                0.78                0.08                0.14
      345   5.33248                0.77                0.09                0.14
      346   5.65218                0.78                0.08                0.14
      347   5.33159                0.77                0.09                0.14
      348   5.65807                0.78                0.08                0.14
      349   5.33068                0.77                0.09                0.14
      350   5.66408                0.78                0.08                0.14
      351   5.32975                0.77                0.09                0.14
      352   5.67021                0.78                0.08                0.14
      353   5.32880                0.77                0.09                0.14
      354   5.67642                0.78                0.08                0.14
      355   5.32784                0.77                0.09                0.14
      356   5.68265                0.78                0.08                0.14
      357   5.32687                0.77                0.09                0.14
      358   5.68885                0.78                0.08                0.14
      359   5.32592                0.77                0.09                0.14
      360   5.69496                0.78                0.08                0.14
      361   5.32499                0.77                0.09                0.14
      362   5.70110                0.78                0.08                0.14
      363   5.32411                0.77                0.09                0.14
      364   5.70735                0.78                0.08                0.14
      365   5.32387                0.77                0.09                0.14
      366   5.71373                0.78                0.08                0.14
      367   5.32397                0.77                0.09                0.14
      368   5.72000                0.78                0.08                0.14
      369   5.32415                0.77                0.09                0.14
      370   5.72562                0.78                0.08                0.14
      371   5.32431                0.77                0.09                0.14
      372   5.72923                0.78                0.08                0.14
      373   5.32440                0.77                0.09                0.14
      374   5.72814                0.78                0.08                0.14
      375   5.32436                0.77                0.09                0.14
      376   5.72881                0.78                0.08                0.14
      377   5.32438                0.77                0.09                0.14
      378   5.72832                0.78                0.08                0.14
      379   5.32437                0.77                0.09                0.14
      380   5.72864                0.78                0.08                0.14
      381   5.32438                0.77                0.09                0.14
